Source     RA            DEC           Sp.type   Mv      SiC        PAH1_1     PAH1       ARIII      SIV_1      SIV        PAH2_1     SIV_2      PAH2       PAH2_2     NEII_1     NEII       NEII_2     Q0         QH2        Q1         Q2         Q3         Q4         Q7         Q8         Error
HD787      00 12 10.001 -17 56 18.27   K5III     6.789   6.831956  11.824595  11.191833  10.484695   8.958070   8.422745   8.104236   7.693360   7.470664   6.440308   6.072942   5.799441   5.593805   3.449533   3.223564   3.026793   2.715777   2.516403   2.323350   1.831537   1.622872   .1563E+01
HD2261     00 26 17.030 -42 18 21.81   K0IIIb     3.46  36.911983  72.854836  67.521049  61.805027  50.112022  46.236893  44.178082  41.570732  40.294868  34.777550  32.506790  31.458490  30.469917  18.934811  17.721991  16.620279  14.838363  13.625014  12.471920   9.791168   8.691337   .1820E+01
HD2436     00 28 12.706 +16 26 42.16   K5III     7.673   4.280034   7.407495   7.011827   6.568621   5.612064   5.276517   5.076979   4.819998   4.680355   4.034476   3.804296   3.633313   3.504598   2.161049   2.019183   1.896224   1.701513   1.576461   1.456008   1.147210   1.016769   .1762E+01
HD4301     00 45 24.107 -04 37 45.02   M0III      7.82   5.070732   8.501562   8.094350   7.562957   6.681252   6.255168   6.011337   5.667986   5.517640   4.793167   4.512104   4.308905   4.161227   2.597251   2.431749   2.281462   2.037893   1.871874   1.714523   1.347212   1.196361   .1824E+01
HD4815     00 48 35.395 -74 55 24.25   K5III     6.480   5.195508   8.992176   8.511288   7.972777   6.813004   6.404991   6.163033   5.850749   5.681210   4.897743   4.618165   4.410594   4.254318   2.623265   2.451451   2.301858   2.065233   1.913914   1.766614   1.392706   1.234288   .1793E+01
HD5112     00 53 00.498 -01 08 39.47   M0III     6.369  13.286586  22.274078  21.207470  19.815819  17.504230  16.387604  15.749563  14.851631  14.459037  12.558099  11.822621  11.290112  10.901571   6.804636   6.370966   5.977649   5.339543   4.904193   4.491888   3.529584   3.134713   .1645E+01
HD8498     01 23 30.965 -30 56 44.27   M0III     7.465   6.851718  11.487659  10.937400  10.219613   9.027673   8.452151   8.122718   7.658363   7.455937   6.476855   6.096184   5.822240   5.622648   3.509415   3.285602   3.082849   2.753604   2.529363   2.316774   1.820142   1.616555   .1819E+01
HD9362     01 31 15.120 -49 04 21.77   K0IIIb     4.94   6.722136  13.269764  12.297048  11.256824   9.126513   8.422260   8.046107   7.570817   7.338533   6.334242   5.919255   5.727669   5.548996   3.448109   3.227440   3.027206   2.702170   2.481001   2.271452   1.783216   1.582776   .1560E+01
HD9692     01 34 23.461 -28 14 12.35   M0III     8.584   3.557048   5.981514   5.638371   5.238057   4.628403   4.344520   4.182911   3.957396   3.856539   3.372292   3.185659   3.047627   2.945157   1.841594   1.724589   1.618595   1.446196   1.328844   1.217240   0.956887   0.849878   .1862E+01
HD12524    02 01 42.382 -44 42 48.80   K5III     6.668   8.272772  14.317715  13.552421  12.696364  10.847492  10.198861   9.813667   9.316853   9.046876   7.798255   7.353730   7.022218   6.774527   4.176915   3.903632   3.665158   3.288639   3.046971   2.813290   2.218043   1.965334   .1819E+01
HD16815    02 40 40.038 -39 51 19.54   K0.5IIIb  5.119   6.368299  12.571126  11.650072  10.664122   8.647069   7.977988   7.621900   7.172380   6.951605   6.001102   5.609127   5.426806   5.257113   3.266809   3.057702   2.867819   2.560026   2.350483   2.151875   1.689385   1.499471   .1612E+01
HD20356    03 16 21.692 -05 43 49.56   K5III     7.950   3.714571   6.453330   6.031061   5.609149   4.795314   4.522913   4.362013   4.158173   4.042510   3.515076   3.329028   3.186536   3.076529   1.901271   1.777240   1.669236   1.498503   1.388684   1.282758   1.011600   0.896749   .1828E+01
HD20644    03 20 20.358 +29 02 54.42   K3IIIa    6.076   3.841937   7.160685   6.475578   5.875835   4.995653   4.648911   4.471329   4.270268   4.157887   3.654261   3.478905   3.338683   3.229379   2.007578   1.882761   1.780082   1.618459   1.494541   1.356338   1.067588   0.948004   .1717E+01
HD22663    03 37 05.679 -40 16 28.80   K1III     5.606   4.627031   8.548712   7.960620   7.344661   6.235854   5.760407   5.510735   5.213708   5.062703   4.362735   4.112012   3.925928   3.789428   2.343351   2.196111   2.074743   1.884861   1.739052   1.577436   1.240086   1.100695   .1766E+01
HD25165    03 59 30.113 -12 34 28.02   K5III     7.114   4.552301   7.878237   7.456930   6.985489   5.969574   5.611831   5.399887   5.126978   4.977908   4.291245   4.046404   3.864476   3.727435   2.298381   2.147898   2.016714   1.809628   1.677088   1.548256   1.220319   1.081341   .1598E+01
HD26967    04 14 00.126 -42 17 40.00   K2III      4.96   9.271627  17.130552  15.952045  14.717851  12.495332  11.544184  11.043064  10.447046  10.145082   8.741260   8.239719   7.867121   7.594644   4.695636   4.400416   4.157521   3.777342   3.484831   3.160944   2.485072   2.205937   .1536E+01
HD33554    05 11 41.566 +16 02 44.35   K5III     6.744   7.826463  13.545080  12.820497  12.010561  10.261758   9.648303   9.284043   8.813573   8.558531   7.378228   6.956264   6.643621   6.407885   3.951561   3.692622   3.467073   3.111028   2.882823   2.661499   2.097812   1.859102   .1747E+01
HD35536    05 25 01.742 -10 19 44.43   K5III     7.180   5.367764   9.289384   8.793245   8.237951   7.037854   6.617277   6.367259   6.044315   5.869535   5.059825   4.771102   4.556655   4.395164   2.709827   2.532247   2.377847   2.133519   1.977108   1.825615   1.438852   1.275101   .1947E+01
HD37984    05 42 28.626 +01 28 28.57   K1III     6.069   4.483430   8.283626   7.714141   7.116510   6.043355   5.581172   5.339580   5.050646   4.905382   4.227325   3.984369   3.804041   3.671710   2.270502   2.127750   2.010412   1.826363   1.685044   1.528359   1.201632   1.066561   .1665E+01
HD39425    05 50 57.594 -35 46 06.19   K1.5III    4.28  19.333567  35.718884  33.265995  30.682158  26.057705  24.073551  23.027504  21.784004  21.154642  18.229242  17.180872  16.403763  15.834682   9.793167   9.175910   8.669263   7.876366   7.266655   6.591362   5.181507   4.599529   .1884E+01
HD41047    06 01 16.306 -33 54 42.72   K5III     7.148   6.584916  11.397057  10.787503  10.104674   8.634223   8.118567   7.811140   7.415260   7.200761   6.207559   5.853304   5.590439   5.391940   3.324532   3.106595   2.917322   2.617508   2.425848   2.239115   1.765236   1.564186   .1793E+01
HD49293    06 47 51.640 +02 24 43.65   K0+IIIa   5.597   4.867956   9.609370   8.905034   8.150846   6.608359   6.098732   5.826349   5.482867   5.314088   4.586552   4.286744   4.148388   4.018399   2.497105   2.337247   2.192105   1.956752   1.796682   1.644919   1.291248   1.146157   .1990E+01
HD49968    06 51 59.994 +23 36 05.96   K5III     7.184   4.003648   6.929755   6.558320   6.143903   5.249485   4.935606   4.749257   4.508593   4.377900   3.774022   3.558676   3.398622   3.278201   2.021345   1.888926   1.773614   1.591629   1.474563   1.361555   1.073128   0.951047   .1613E+01
HD61935    07 41 14.835 -09 33 04.19   K0III      4.95   6.938259  13.696497  12.693023  11.618176   9.419907   8.692388   8.304434   7.814844   7.574175   6.537724   6.109018   5.914429   5.727024   3.559177   3.331264   3.124487   2.789236   2.560533   2.344230   1.840416   1.633714   .1516E+01
HD71095    08 25 35.537 +02 06 08.20   K5III     7.280   4.314729   7.467733   7.068430   6.621544   5.657555   5.319056   5.118316   4.858909   4.718133   4.067250   3.835235   3.662909   3.532966   2.178307   2.035767   1.911523   1.714994   1.589257   1.467253   1.156580   1.025008   .1758E+01
HD75691    08 50 31.935 -27 42 35.59   K2.5III   5.311  11.440100  20.460875  19.007429  17.842104  15.616329  14.500580  13.708345  12.842254  12.483956  10.794610  10.167855   9.708447   9.374856   5.841922   5.469322   5.131075   4.582011   4.208260   3.853876   3.027199   2.687644   .1781E+01
HD76110    08 52 48.074 -38 43 27.17   M0III     7.367   6.828215  11.447329  10.898786  10.183830   8.994996   8.420770   8.093731   7.632678   7.430624   6.454216   6.075359   5.801898   5.602962   3.497052   3.274166   3.072009   2.743927   2.520377   2.308474   1.814156   1.610906   .1781E+01
HD79554    09 15 13.842 +14 56 29.32   K1III     6.699   3.896854   7.239312   6.620018   6.044690   5.135709   4.767610   4.575135   4.352385   4.234402   3.694735   3.504141   3.356278   3.243868   2.012334   1.886996   1.783563   1.621605   1.496470   1.357958   1.068385   0.948554   .1734E+01
HD81420    09 25 24.032 -05 07 02.80   K5III     7.138   5.027909   8.701504   8.236575   7.716072   6.592353   6.198230   5.964071   5.661921   5.497793   4.739485   4.469090   4.268184   4.116947   2.538437   2.372179   2.227653   1.998607   1.852010   1.709795   1.347708   1.194292   .1602E+01
HD82660    09 32 55.774 -13 31 00.58   K5III     7.482   3.619972   6.264466   5.930221   5.555636   4.746398   4.462579   4.293996   4.076894   3.958576   3.412312   3.217647   3.073025   2.964107   1.827401   1.708225   1.603598   1.438990   1.333373   1.231075   0.970314   0.859966   .1835E+01
HD83425    09 38 27.295 +04 38 57.32   K3III     6.032   7.951490  14.220880  13.211325  12.402008  10.854229  10.079247   9.527927   8.925599   8.677136   7.502213   7.067246   6.747457   6.516357   4.060356   3.801399   3.566253   3.184743   2.924624   2.678594   2.103957   1.868065   .1652E+01
HD89682    10 19 36.755 -55 01 45.60   K3II      6.213  11.433428  20.448076  18.996012  17.831394  15.607631  14.489589  13.699211  12.834480  12.477167  10.787905  10.160759   9.702991   9.369202   5.838787   5.466324   5.128081   4.579451   4.205718   3.851570   3.025430   2.686066   .1809E+01
HD93813    10 49 37.494 -16 11 37.26   K1.5IIIb   4.36  25.365217  46.867195  43.640640  40.267830  34.183952  31.583439  30.210533  28.579586  27.754110  23.917269  22.541367  21.522156  20.774302  12.846258  12.037741  11.372758  10.333696   9.533647   8.647593   6.798127   6.034228   .1537E+01
HD95272    10 59 46.470 -18 17 55.65   K0+III     5.17   6.953185  13.724231  12.719376  11.642562   9.439977   8.709484   8.320709   7.829986   7.590036   6.551811   6.124626   5.925374   5.739554   3.566433   3.338207   3.130978   2.795038   2.565935   2.349430   1.844452   1.637098   .1798E+01
HD95314    11 00 11.715 -14 05 00.13   K5III     7.387   3.985252   6.896831   6.528769   6.116825   5.225411   4.912689   4.727114   4.488057   4.358106   3.756660   3.542227   3.383046   3.263190   2.012121   1.880562   1.765509   1.584070   1.467713   1.355283   1.068266   0.946640   .1833E+01
HD98118    11 17 17.403 +02 00 37.95   M0III     6.719   9.647749  16.175514  15.400157  14.390513  12.710786  11.899303  11.436178  10.783750  10.498274   9.119710   8.585364   8.198276   7.916247   4.941376   4.626289   4.340649   3.877323   3.561167   3.262132   2.563260   2.276241   .1649E+01
HD99167    11 24 36.644 -10 51 34.00   K5III     6.398  13.739602  23.774794  22.507380  21.085714  18.014658  16.938623  16.297859  15.472239  15.024477  12.952159  12.211736  11.663129  11.249277   6.936598   6.482410   6.086818   5.461614   5.060757   4.672925   3.682880   3.264531   .1597E+01
HD99998    11 30 18.900 -03 00 12.57   K3.5III   4.771  10.502131  18.782606  17.449276  16.379539  14.335582  13.311559  12.584264  11.789803  11.460445   9.909359   9.332810   8.912784   8.605881   5.363046   5.020965   4.710335   4.206284   3.863124   3.537606   2.778987   2.467454   .1830E+01
HD108381   12 26 56.271 +28 16 06.34   K1III     5.486   5.589896  10.328042   9.617192   8.873164   7.533526   6.959792   6.657361   6.297437   6.116047   5.271203   4.967644   4.743050   4.577950   2.831098   2.653125   2.506438   2.277460   2.101314   1.905630   1.498217   1.329784   .1722E+01
HD110458   12 42 35.465 -48 48 47.12   K0III     5.760   3.860430   7.620767   7.061889   6.464736   5.241381   4.836587   4.620578   4.348545   4.214486   3.637228   3.399604   3.289787   3.186758   1.980249   1.853297   1.738340   1.551734   1.424705   1.304339   1.024011   0.908959   .1571E+01
HD111067   12 46 38.757 +16 34 38.98   K3III     6.489   4.813394   8.608947   7.997637   7.507877   6.571008   6.100558   5.767421   5.404119   5.252671   4.541633   4.277744   4.084620   3.944468   2.458078   2.301185   2.158770   1.927812   1.770672   1.621627   1.273610   1.130804   .1726E+01
HD111915   12 53 06.913 -48 56 36.26   K3.5III   5.723  10.068778  18.007620  16.729660  15.703686  13.745296  12.760938  12.064239  11.301780  10.987347   9.500572   8.947989   8.543949   8.251629   5.141909   4.813991   4.516176   4.032888   3.703723   3.391731   2.664398   2.365537   .1847E+01
HD114326   13 09 47.837 +16 50 55.04   K5III     7.405   3.641165   6.301440   5.964829   5.587870   4.773826   4.489149   4.319271   4.100846   3.981801   3.432334   3.236476   3.090995   2.981372   1.838083   1.718010   1.613179   1.447191   1.340998   1.238230   0.976061   0.865013   .1763E+01
HD115478   13 17 15.606 +13 40 32.27   K3III     6.664   3.702035   6.621400   6.151118   5.774261   5.054123   4.692085   4.435840   4.155341   4.039755   3.493093   3.290131   3.141676   3.033784   1.890742   1.770118   1.660290   1.482643   1.361691   1.247095   0.979582   0.869732   .1757E+01
HD119193   13 42 54.692 -50 47 24.85   M0III     8.124   4.647301   7.817646   7.362128   6.836554   6.041499   5.671370   5.461817   5.167902   5.036681   4.407400   4.164597   3.984722   3.851335   2.408403   2.255495   2.116747   1.891580   1.737724   1.592075   1.251623   1.111672   .1800E+01
HD123123   14 06 22.300 -26 40 56.52   K2-III    4.383  17.105806  31.603928  29.429689  27.151791  23.054306  21.299719  20.374140  19.272772  18.716211  16.128637  15.202572  14.512581  14.009330   8.662706   8.118249   7.670189   6.968870   6.429201   5.831784   4.584802   4.069273   .1585E+01
HD124294   14 12 53.752 -10 16 25.44   K2.5III   5.537  12.494118  22.346487  20.758753  19.486349  17.055285  15.835930  14.970723  14.024447  13.634068  11.788935  11.104471  10.601620  10.239474   6.380482   5.973432   5.603781   5.004368   4.595971   4.209078   3.305781   2.935394   .1534E+01
HD126927   14 28 41.720 -06 54 01.81   K5III     6.939   5.749709   9.950756   9.418416   8.823525   7.537861   7.088737   6.820628   6.475557   6.287378   5.419709   5.110703   4.880841   4.708021   2.902949   2.712906   2.547226   2.285415   2.117800   1.955351   1.541135   1.365764   .1769E+01
HD130157   14 47 13.653 -21 19 29.50   K5III     7.741   4.670461   8.113753   7.582603   7.052536   6.029055   5.685991   5.484369   5.228478   5.082891   4.419575   4.185630   4.006611   3.868258   2.390423   2.234550   2.098955   1.884392   1.746210   1.613160   1.271948   1.127347   .1795E+01
HD133550   15 06 13.965 -36 15 52.42   K5-III    7.983   4.544245   7.894800   7.377372   6.861678   5.865075   5.533062   5.336335   5.087678   4.945834   4.300012   4.072454   3.898110   3.763522   2.325686   2.174345   2.042044   1.833380   1.698869   1.569302   1.237471   1.096972   .1820E+01
HD133774   15 06 37.610 -16 15 24.67   K5III     6.808   8.729524  15.107976  14.300887  13.397177  11.446405  10.761955  10.355000   9.831132   9.546043   8.228987   7.758897   7.410252   7.147594   4.407293   4.118597   3.867362   3.469958   3.215193   2.968890   2.340028   2.074335   .1594E+01
HD136028   15 18 26.154 -00 27 40.58   K5III     7.421   3.774263   6.531632   6.182875   5.792191   4.948470   4.652896   4.476916   4.250389   4.127246   3.557754   3.354824   3.203991   3.090479   1.905652   1.780698   1.672322   1.500116   1.389955   1.283580   1.011688   0.896570   .1956E+01
HD137744   15 28 15.411 -16 42 59.43   K4.5III   7.213   5.343094   9.247780   8.753316   8.200101   7.006268   6.587207   6.338144   6.017688   5.842730   5.036180   4.749316   4.535747   4.375221   2.697863   2.520954   2.367224   2.123771   1.968124   1.817095   1.432222   1.269270   .1797E+01
HD139663   15 40 16.903 -23 49 05.13   K3-III    6.307   4.835632   8.648267   8.034850   7.540876   6.602068   6.129872   5.794530   5.428733   5.276754   4.562706   4.297500   4.103509   3.962939   2.469422   2.311811   2.168824   1.936935   1.778570   1.628825   1.279506   1.136088   .1550E+01
HD145892   16 13 15.441 +05 01 15.76   K5III     6.969   4.962176   8.588450   8.129186   7.615759   6.506111   6.117884   5.886349   5.588448   5.426120   4.677589   4.410796   4.212494   4.063238   2.505017   2.341271   2.198519   1.972715   1.827780   1.687811   1.330117   1.178806   .1650E+01
HD145897   16 13 50.904 -11 50 16.02   K3III     6.654   4.966525   8.909384   8.194478   7.648677   6.698065   6.234263   5.904425   5.548169   5.399337   4.700669   4.442758   4.249543   4.106753   2.563884   2.400695   2.252797   2.012447   1.848704   1.693344   1.330643   1.181623   .1739E+01
HD149009   16 31 13.465 +22 11 43.41   K5III     7.426   5.989592  10.394754   9.749924   9.085810   7.765810   7.318779   7.054475   6.716669   6.527133   5.660960   5.354591   5.122810   4.944617   3.053704   2.854413   2.680593   2.406243   2.230194   2.058862   1.624144   1.439318   .1666E+01
HD156277   17 21 59.449 -67 46 14.18   K2-III     5.99   5.171053   9.553997   8.896729   8.208032   6.969124   6.439007   6.159129   5.826117   5.657829   4.875953   4.595387   4.387457   4.234999   2.618672   2.454212   2.318778   2.106759   1.943570   1.762872   1.385918   1.230124   .1576E+01
HD161096   17 43 28.358 +04 34 02.26   K2III     3.967  26.054321  48.135941  44.822803  41.353527  35.120193  32.441265  31.031666  29.356609  28.508490  24.566381  23.153416  22.107023  21.337368  13.196575  12.366363  11.683746  10.614315   9.792764   8.882450   6.982997   6.198110   .1556E+01
HD163376   17 57 47.848 -41 42 58.79   M0III     6.578  18.099468  30.431061  28.709576  26.685108  23.579292  22.126085  21.300943  20.145067  19.629665  17.154444  16.199575  15.494516  14.974448   9.360815   8.766641   8.226990   7.350977   6.753158   6.186735   4.863234   4.319368   .1585E+01
HD169916   18 27 58.246 -25 25 18.15   K1IIIb    3.888  21.836851  40.346130  37.572411  34.666687  29.430670  27.188143  26.007723  24.604465  23.893967  20.589499  19.405998  18.527985  17.885098  11.056744  10.364369   9.792052   8.896196   8.207271   7.444767   5.852720   5.194685   .1688E+01
HD173780   18 46 04.481 +26 39 43.62   K2III     6.036   4.607654   8.513383   7.927415   7.313918   6.210138   5.737288   5.488228   5.191337   5.041052   4.344508   4.094751   3.909567   3.773556   2.333331   2.186741   2.066071   1.876956   1.731685   1.570784   1.234907   1.096094   .1642E+01
HD174387   18 52 27.255 -46 35 42.25   M0III     7.167   8.888266  14.935414  14.115729  13.135334  11.606158  10.885074  10.475886   9.901578   9.646347   8.419409   7.945455   7.597659   7.343293   4.588250   4.296682   4.031928   3.602542   3.309179   3.031472   2.382901   2.116248   .1802E+01
HD177716   19 06 56.415 -27 40 13.57   K1.5IIIb   4.51  18.771360  34.683468  32.298164  29.793213  25.298805  23.373522  22.357611  21.149920  20.539042  17.699558  16.682434  15.927925  15.374084   9.505929   8.909146   8.417109   7.647491   7.055583   6.399535   5.030892   4.465301   .1658E+01
HD178345   19 10 01.801 -39 20 26.81   K0II      5.315   7.830547  15.458136  14.324814  13.112244  10.630948   9.809540   9.371943   8.819057   8.548061   7.378964   6.897165   6.672314   6.463775   4.016784   3.759717   3.526318   3.147898   2.889960   2.646019   2.077647   1.843759   .1580E+01
HD187150   19 48 50.251 -12 19 09.55   K5III     8.214   4.011048   6.964540   6.520703   6.070175   5.189351   4.892493   4.717242   4.492946   4.367826   3.793564   3.590606   3.435812   3.316689   2.049285   1.915801   1.798877   1.614852   1.496680   1.381846   1.089925   0.966114   .1825E+01
HD187660   19 51 11.110 -02 27 39.57   K5III      7.72   3.602255   6.234509   5.900751   5.528557   4.723591   4.441106   4.273099   4.056917   3.939188   3.395550   3.201835   3.057935   2.949569   1.818454   1.699903   1.596050   1.431828   1.326931   1.224996   0.965541   0.855757   .1709E+01
HD188114   19 55 15.691 -41 52 06.05   K0II-III  5.204   7.233573  14.278651  13.232401  12.113302   9.820026   9.061353   8.657647   8.146501   7.895738   6.815048   6.371659   6.164440   5.972824   3.710360   3.472959   3.257391   2.907859   2.669870   2.444030   1.918572   1.703200   .1583E+01
HD188603   19 56 56.810 -27 10 11.61   K2.5IIb   6.026   9.962668  17.890375  16.396723  15.273000  13.376363  12.459485  11.809778  11.113109  10.817061   9.439228   8.930165   8.548033   8.263317   5.161951   4.834459   4.536851   4.053194   3.723568   3.411088   2.680727   2.380703   .1851E+01
HD189695   20 00 58.992 +08 33 27.90   K5III     7.474   4.346833   7.522913   7.120453   6.670165   5.699626   5.358887   5.156382   4.895401   4.753548   4.097322   3.863528   3.689886   3.559114   2.194561   2.050946   1.925532   1.727815   1.600691   1.478027   1.165067   1.032475   .1868E+01
HD189831   20 03 33.450 -37 56 26.79   K5III     6.214   8.295775  14.357736  13.589751  12.730371  10.877714  10.227416   9.840526   9.342459   9.071535   7.819811   7.373045   7.043214   6.792955   4.188601   3.913948   3.675207   3.297844   3.055610   2.821267   2.224229   1.970726   .1570E+01
HD196321   20 36 43.641 -02 32 59.65   K5II      6.534  11.512939  19.925512  18.860180  17.667509  15.095031  14.194667  13.656830  12.964787  12.589490  10.852691  10.233084   9.773254   9.427329   5.812928   5.432199   5.100422   4.576388   4.240427   3.914872   3.086156   2.734119   .1782E+01
HD198048   20 49 28.971 -46 13 36.82   K5III     6.451  10.074402  17.435877  16.503971  15.460142  13.209887  12.420932  11.950868  11.345704  11.016526   9.496347   8.954675   8.551319   8.249636   5.086460   4.753124   4.463288   4.004725   3.710612   3.426320   2.700722   2.394013   .1805E+01
HD199697   20 58 16.351 +22 19 33.27   K3.5III   6.745   4.763437   8.518535   7.914260   7.429841   6.502854   6.036555   5.707542   5.347147   5.197675   4.494437   4.233352   4.042223   3.903535   2.432595   2.277273   2.136436   1.907624   1.752036   1.604536   1.260350   1.119068   .1677E+01
HD211416   22 18 30.099 -60 15 34.59   K3III      4.25  40.985882  73.300720  68.095009  63.923294  55.952515  51.932796  49.104797  46.006126  44.726154  38.671898  36.424423  34.780495  33.585800  20.929722  19.593502  18.383505  16.417633  15.074667  13.806580  10.844942   9.628826   .1703E+01
HD216149   22 51 02.170 -39 09 24.79   M0III     6.886   4.633972   7.768366   7.396570   6.911816   6.104418   5.715750   5.493219   5.178350   5.042588   4.379965   4.123127   3.937343   3.802320   2.373217   2.221971   2.084892   1.862360   1.710382   1.566659   1.231064   1.093199   .1619E+01
HD217902   23 04 39.623 -53 57 53.59   K5III     6.867   6.043091  10.460057   9.900148   9.274317   7.923663   7.451108   7.168702   6.804736   6.608256   5.696443   5.370883   5.130385   4.948502   3.050964   2.851484   2.677141   2.402192   2.226292   2.054873   1.619902   1.435695   .1817E+01
HD220009   23 20 20.592 +05 22 52.60   K2III     6.284   4.813382   8.893880   8.280883   7.641560   6.487340   5.992371   5.733075   5.423833   5.266862   4.538362   4.277406   4.084091   3.942121   2.437638   2.284231   2.158134   1.960981   1.808900   1.640802   1.290035   1.145019   .1717E+01
HD220440   23 24 13.316 -51 53 28.65   M0III     7.370   6.112534  10.247568   9.756699   9.116337   8.052277   7.539326   7.245731   6.831175   6.651221   5.778456   5.438568   5.193704   5.015642   3.130662   2.931020   2.750098   2.456481   2.256316   2.066511   1.623847   1.442046   .1770E+01
HD220954   23 27 58.104 +06 22 44.24   K0.5III   5.346   5.386356  10.632524   9.852833   9.018513   7.312552   6.748816   6.446904   6.066750   5.880360   5.075012   4.743169   4.590162   4.446248   2.762855   2.586037   2.425330   2.165110   1.987900   1.819942   1.428677   1.268185   .1548E+01
HD224630   23 59 27.875 -29 29 06.71   K5III     7.234   6.605444  11.459613  10.758362  10.032406   8.574006   8.078224   7.784256   7.409858   7.201108   6.242127   5.902366   5.646367   5.448476   3.364160   3.144737   2.953580   2.650773   2.456523   2.268301   1.788403   1.585297   .1816E+01
